1|1|1|A1|1|37.360510|-120.428800|2
2|1|1|A2|1|37.360520|-120.428810|2
3|1|1|A3|1|37.360530|-120.428820|2
4|1|1|A4|1|37.360540|-120.428830|2
5|1|1|A5|1|37.360550|-120.428840|2
6|1|1|A6|1|37.360560|-120.428850|2
7|1|1|A7|1|37.360570|-120.428860|2
8|1|1|A8|1|37.360580|-120.428870|2
9|1|1|A9|1|37.360590|-120.428880|2
10|1|1|A10|1|37.360600|-120.428890|2
11|1|1|A11|1|37.360610|-120.428900|2
12|1|1|A12|1|37.360620|-120.428910|2
13|1|1|A13|1|37.360630|-120.428920|2
14|1|1|A14|1|37.360640|-120.428930|2
15|1|0|A15|1|37.360650|-120.428940|2
16|1|0|A16|1|37.360660|-120.428950|2
17|1|0|A17|1|37.360670|-120.428960|2
18|1|0|A18|1|37.360680|-120.428970|2
19|1|0|A19|1|37.360690|-120.428980|2
20|1|0|A20|1|37.360700|-120.428990|2
21|1|0|A21|1|37.360710|-120.429000|2
22|1|0|A22|1|37.360720|-120.429010|2
23|1|0|A23|1|37.360730|-120.429020|2
24|1|0|A24|1|37.360740|-120.429030|2
25|1|0|A25|1|37.360750|-120.429040|2
26|1|0|A26|1|37.360760|-120.429050|2
27|1|0|A27|1|37.360770|-120.429060|2
28|1|0|A28|1|37.360780|-120.429070|2
29|1|0|A29|1|37.360790|-120.429080|2
30|1|0|A30|1|37.360800|-120.429090|2
31|1|0|A31|1|37.360810|-120.429100|2
32|1|0|A32|1|37.360820|-120.429110|2
33|1|0|A33|1|37.360830|-120.429120|2
34|1|0|A34|1|37.360840|-120.429130|2
35|1|0|A35|1|37.360850|-120.429140|2
36|1|0|A36|1|37.360860|-120.429150|2
37|1|0|A37|1|37.360870|-120.429160|2
38|1|0|A38|1|37.360880|-120.429170|2
39|1|0|A39|1|37.360890|-120.429180|2
40|1|0|A40|1|37.360900|-120.429190|2
41|1|0|A41|1|37.360910|-120.429200|2
42|1|0|A42|1|37.360920|-120.429210|2
43|1|0|A43|1|37.360930|-120.429220|2
44|1|0|A44|1|37.360940|-120.429230|2
45|1|0|A45|1|37.360950|-120.429240|2
46|1|0|A46|1|37.360960|-120.429250|2
47|1|0|A47|1|37.360970|-120.429260|2
48|1|0|A48|1|37.360980|-120.429270|2
49|1|0|A49|1|37.360990|-120.429280|2
50|1|0|A50|1|37.361000|-120.429290|2
51|1|0|A51|1|37.361010|-120.429300|2
52|1|0|A52|1|37.361020|-120.429310|2
53|1|0|A53|1|37.361030|-120.429320|2
54|1|0|A54|1|37.361040|-120.429330|2
55|1|0|A55|1|37.361050|-120.429340|2
56|1|0|A56|1|37.361060|-120.429350|2
57|1|0|A57|1|37.361070|-120.429360|2
58|1|0|A58|1|37.361080|-120.429370|2
59|1|0|A59|1|37.361090|-120.429380|2
60|1|0|A60|1|37.361100|-120.429390|2
61|1|0|A61|1|37.361110|-120.429400|2
62|1|0|A62|1|37.361120|-120.429410|2
63|1|0|A63|1|37.361130|-120.429420|2
64|1|0|A64|1|37.361140|-120.429430|2
65|1|0|A65|1|37.361150|-120.429440|2
66|1|0|A66|1|37.361160|-120.429450|2
67|1|0|A67|1|37.361170|-120.429460|2
68|1|0|A68|1|37.361180|-120.429470|2
69|1|0|A69|1|37.361190|-120.429480|2
70|1|0|A70|1|37.361200|-120.429490|2
71|1|0|A71|1|37.361210|-120.429500|2
72|1|0|A72|1|37.361220|-120.429510|2
73|1|0|A73|1|37.361230|-120.429520|2
74|1|0|A74|1|37.361240|-120.429530|2
75|1|0|A75|1|37.361250|-120.429540|2
76|1|0|A76|1|37.361260|-120.429550|2
77|1|0|A77|1|37.361270|-120.429560|2
78|1|0|A78|1|37.361280|-120.429570|2
79|1|0|A79|1|37.361290|-120.429580|2
80|1|0|A80|1|37.361300|-120.429590|2
81|2|1|B1|1|37.360510|-120.428800|2
82|2|1|B2|1|37.360520|-120.428810|2
83|2|0|B3|1|37.360530|-120.428820|2
84|2|0|B4|1|37.360540|-120.428830|2
85|2|0|B5|1|37.360550|-120.428840|2
86|2|0|B6|1|37.360560|-120.428850|2
87|2|0|B7|1|37.360570|-120.428860|2
88|2|0|B8|1|37.360580|-120.428870|2
89|2|0|B9|1|37.360590|-120.428880|2
90|2|0|B10|1|37.360600|-120.428890|2
91|2|0|B11|1|37.360610|-120.428900|2
92|2|0|B12|1|37.360620|-120.428910|2
93|2|0|B13|1|37.360630|-120.428920|2
94|2|0|B14|1|37.360640|-120.428930|2
95|2|0|B15|1|37.360650|-120.428940|2
96|2|0|B16|1|37.360660|-120.428950|2
97|2|0|B17|1|37.360670|-120.428960|2
98|2|0|B18|1|37.360680|-120.428970|2
99|2|0|B19|1|37.360690|-120.428980|2
100|2|0|B20|1|37.360700|-120.428990|2
101|3|1|C1|1|37.360510|-120.428800|2
102|3|1|C2|1|37.360520|-120.428810|2
103|3|1|C3|1|37.360530|-120.428820|2
104|3|1|C4|1|37.360540|-120.428830|2
105|3|0|C5|1|37.360550|-120.428840|2
106|3|0|C6|1|37.360560|-120.428850|2
107|3|0|C7|1|37.360570|-120.428860|2
108|3|0|C8|1|37.360580|-120.428870|2
109|3|0|C9|1|37.360590|-120.428880|2
110|3|0|C10|1|37.360600|-120.428890|2
111|3|0|C11|1|37.360610|-120.428900|2
112|3|0|C12|1|37.360620|-120.428910|2
113|3|0|C13|1|37.360630|-120.428920|2
114|3|0|C14|1|37.360640|-120.428930|2
115|3|0|C15|1|37.360650|-120.428940|2
116|3|0|C16|1|37.360660|-120.428950|2
117|3|0|C17|1|37.360670|-120.428960|2
118|3|0|C18|1|37.360680|-120.428970|2
119|3|0|C19|1|37.360690|-120.428980|2
120|3|0|C20|1|37.360700|-120.428990|2
121|3|0|D1|1|37.362490|-120.431260|1
122|3|0|D2|1|37.362500|-120.431270|1
123|3|0|D3|1|37.362510|-120.431280|1
124|3|0|D4|1|37.362520|-120.431290|1
125|3|0|D5|1|37.362530|-120.431300|1
126|3|0|D6|1|37.362540|-120.431310|1
127|3|0|D7|1|37.362550|-120.431320|1
128|3|0|D8|1|37.362560|-120.431330|1
129|3|0|D9|1|37.362570|-120.431340|1
130|3|0|D10|1|37.362580|-120.431350|1
131|3|0|D11|1|37.362590|-120.431360|1
132|3|0|D12|1|37.362600|-120.431370|1
133|3|0|D13|1|37.362610|-120.431380|1
134|3|0|D14|1|37.362620|-120.431390|1
135|3|0|D15|1|37.362630|-120.431400|1
136|3|0|D16|1|37.362640|-120.431410|1
137|3|0|D17|1|37.362650|-120.431420|1
138|3|0|D18|1|37.362660|-120.431430|1
139|3|0|D19|1|37.362670|-120.431440|1
140|3|0|D20|1|37.362680|-120.431450|1
141|3|0|D21|1|37.362690|-120.431460|1
142|3|0|D22|1|37.362700|-120.431470|1
143|3|0|D23|1|37.362710|-120.431480|1
144|3|0|D24|1|37.362720|-120.431490|1
145|3|0|D25|1|37.362730|-120.431500|1
146|3|0|D26|1|37.362740|-120.431510|1
147|3|0|D27|1|37.362750|-120.431520|1
148|3|0|D28|1|37.362760|-120.431530|1
149|3|0|D29|1|37.362770|-120.431540|1
150|3|0|D30|1|37.362780|-120.431550|1
151|3|0|D31|1|37.362790|-120.431560|1
152|3|0|D32|1|37.362800|-120.431570|1
153|3|0|D33|1|37.362810|-120.431580|1
154|3|0|D34|1|37.362820|-120.431590|1
155|3|0|D35|1|37.362830|-120.431600|1
156|3|0|D36|1|37.362840|-120.431610|1
157|3|0|D37|1|37.362850|-120.431620|1
158|3|0|D38|1|37.362860|-120.431630|1
159|3|0|D39|1|37.362870|-120.431640|1
160|3|0|D40|1|37.362880|-120.431650|1
161|3|0|D41|1|37.362890|-120.431660|1
162|3|0|D42|1|37.362900|-120.431670|1
163|3|0|D43|1|37.362910|-120.431680|1
164|3|0|D44|1|37.362920|-120.431690|1
165|3|0|D45|1|37.362930|-120.431700|1
166|3|0|D46|1|37.362940|-120.431710|1
167|3|0|D47|1|37.362950|-120.431720|1
168|3|0|D48|1|37.362960|-120.431730|1
169|3|0|D49|1|37.362970|-120.431740|1
170|3|0|D50|1|37.362980|-120.431750|1
171|3|0|D51|1|37.362990|-120.431760|1
172|3|0|D52|1|37.363000|-120.431770|1
173|3|0|D53|1|37.363010|-120.431780|1
174|3|0|D54|1|37.363020|-120.431790|1
175|3|0|D55|1|37.363030|-120.431800|1
176|3|0|D56|1|37.363040|-120.431810|1
177|3|0|D57|1|37.363050|-120.431820|1
178|3|0|D58|1|37.363060|-120.431830|1
179|3|0|D59|1|37.363070|-120.431840|1
180|3|0|D60|1|37.363080|-120.431850|1
181|2|0|E1|1|37.368360|-120.417870|3
182|2|0|E2|1|37.368370|-120.417880|3
183|2|0|E3|1|37.368380|-120.417890|3
184|2|0|E4|1|37.368390|-120.417900|3
185|2|0|E5|1|37.368400|-120.417910|3
186|2|0|E6|1|37.368410|-120.417920|3
187|2|0|E7|1|37.368420|-120.417930|3
188|2|0|E8|1|37.368430|-120.417940|3
189|2|0|E9|1|37.368440|-120.417950|3
190|2|0|E10|1|37.368450|-120.417960|3
191|2|0|E11|1|37.368460|-120.417970|3
192|2|0|E12|1|37.368470|-120.417980|3
193|2|0|E13|1|37.368480|-120.417990|3
194|2|0|E14|1|37.368490|-120.418000|3
195|2|0|E15|1|37.368500|-120.418010|3
196|2|0|E16|1|37.368510|-120.418020|3
197|2|0|E17|1|37.368520|-120.418030|3
198|2|0|E18|1|37.368530|-120.418040|3
199|2|0|E19|1|37.368540|-120.418050|3
200|2|0|E20|1|37.368550|-120.418060|3
201|2|0|E21|1|37.368560|-120.418070|3
202|2|0|E22|1|37.368570|-120.418080|3
203|2|0|E23|1|37.368580|-120.418090|3
204|2|0|E24|1|37.368590|-120.418100|3
205|2|0|E25|1|37.368600|-120.418110|3
206|2|0|E26|1|37.368610|-120.418120|3
207|2|0|E27|1|37.368620|-120.418130|3
208|2|0|E28|1|37.368630|-120.418140|3
209|2|0|E29|1|37.368640|-120.418150|3
210|2|0|E30|1|37.368650|-120.418160|3
211|2|0|E31|1|37.368660|-120.418170|3
212|2|0|E32|1|37.368670|-120.418180|3
213|2|0|E33|1|37.368680|-120.418190|3
214|2|0|E34|1|37.368690|-120.418200|3
215|2|0|E35|1|37.368700|-120.418210|3
216|2|0|E36|1|37.368710|-120.418220|3
217|2|0|E37|1|37.368720|-120.418230|3
218|2|0|E38|1|37.368730|-120.418240|3
219|2|0|E39|1|37.368740|-120.418250|3
220|2|0|E40|1|37.368750|-120.418260|3
221|2|0|E41|1|37.368760|-120.418270|3
222|2|0|E42|1|37.368770|-120.418280|3
223|2|0|E43|1|37.368780|-120.418290|3
224|2|0|E44|1|37.368790|-120.418300|3
225|2|0|E45|1|37.368800|-120.418310|3
226|2|0|E46|1|37.368810|-120.418320|3
227|2|0|E47|1|37.368820|-120.418330|3
228|2|0|E48|1|37.368830|-120.418340|3
229|2|0|E49|1|37.368840|-120.418350|3
230|2|0|E50|1|37.368850|-120.418360|3
231|2|0|E51|1|37.368860|-120.418370|3
232|2|0|E52|1|37.368870|-120.418380|3
233|2|0|E53|1|37.368880|-120.418390|3
234|2|0|E54|1|37.368890|-120.418400|3
235|2|0|E55|1|37.368900|-120.418410|3
236|2|0|E56|1|37.368910|-120.418420|3
237|2|0|E57|1|37.368920|-120.418430|3
238|2|0|E58|1|37.368930|-120.418440|3
239|2|0|E59|1|37.368940|-120.418450|3
240|2|0|E60|1|37.368950|-120.418460|3
241|2|0|E61|1|37.368960|-120.418470|3
242|2|0|E62|1|37.368970|-120.418480|3
243|2|0|E63|1|37.368980|-120.418490|3
244|2|0|E64|1|37.368990|-120.418500|3
245|2|0|E65|1|37.369000|-120.418510|3
246|2|0|E66|1|37.369010|-120.418520|3
247|2|0|E67|1|37.369020|-120.418530|3
248|2|0|E68|1|37.369030|-120.418540|3
249|2|0|E69|1|37.369040|-120.418550|3
250|2|0|E70|1|37.369050|-120.418560|3
251|2|0|E71|1|37.369060|-120.418570|3
252|2|0|E72|1|37.369070|-120.418580|3
253|2|0|E73|1|37.369080|-120.418590|3
254|2|0|E74|1|37.369090|-120.418600|3
255|2|0|E75|1|37.369100|-120.418610|3
256|2|0|E76|1|37.369110|-120.418620|3
257|2|0|E77|1|37.369120|-120.418630|3
258|2|0|E78|1|37.369130|-120.418640|3
259|2|0|E79|1|37.369140|-120.418650|3
260|2|0|E80|1|37.369150|-120.418660|3
261|2|0|E81|1|37.369160|-120.418670|3
262|2|0|E82|1|37.369170|-120.418680|3
263|2|0|E83|1|37.369180|-120.418690|3
264|2|0|E84|1|37.369190|-120.418700|3
265|2|0|E85|1|37.369200|-120.418710|3
266|2|0|E86|1|37.369210|-120.418720|3
267|2|0|E87|1|37.369220|-120.418730|3
268|2|0|E88|1|37.369230|-120.418740|3
269|2|0|E89|1|37.369240|-120.418750|3
270|2|0|E90|1|37.369250|-120.418760|3
271|2|0|E91|1|37.369260|-120.418770|3
272|2|0|E92|1|37.369270|-120.418780|3
273|2|0|E93|1|37.369280|-120.418790|3
274|2|0|E94|1|37.369290|-120.418800|3
275|2|0|E95|1|37.369300|-120.418810|3
276|2|0|E96|1|37.369310|-120.418820|3
277|2|0|E97|1|37.369320|-120.418830|3
278|2|0|E98|1|37.369330|-120.418840|3
279|2|0|E99|1|37.369340|-120.418850|3
280|2|0|E100|1|37.369350|-120.418860|3